[gd_scene load_steps=8 format=2]

[ext_resource path="res://game/Player.tscn" type="PackedScene" id=1]
[ext_resource path="res://game/Platform.tscn" type="PackedScene" id=2]
[ext_resource path="res://game/Deadzone.gd" type="Script" id=3]
[ext_resource path="res://game/RandomBuilding.tscn" type="PackedScene" id=4]
[ext_resource path="res://game/RandomTree.tscn" type="PackedScene" id=5]

[sub_resource type="Environment" id=2]
background_mode = 1
background_color = Color( 1, 1, 1, 1 )
ambient_light_color = Color( 1, 1, 1, 1 )
ambient_light_energy = 0.43
fog_enabled = true
fog_color = Color( 1, 1, 1, 1 )
fog_sun_color = Color( 1, 1, 1, 1 )
fog_depth_begin = 0.0
fog_depth_end = 10.0
fog_depth_curve = 2.14355
ssao_radius = 0.1
ssao_intensity = 128.0
ssao_quality = 0
ssao_blur = 2
dof_blur_near_quality = 0
glow_intensity = 3.93

[sub_resource type="BoxShape" id=3]
extents = Vector3( 8, 1, 9 )

[node name="Game" type="Node"]

[node name="Player" parent="." instance=ExtResource( 1 )]
transform = Transform( 0.707107, 0, 0.707107, 0, 1, 0, -0.707107, 0, 0.707107, 0, 0, 0 )

[node name="WorldEnvironment" type="WorldEnvironment" parent="."]
environment = SubResource( 2 )

[node name="DirectionalLight" type="DirectionalLight" parent="."]
transform = Transform( 0.875749, -0.447466, 0.181214, 0.225891, 0.711547, 0.665338, -0.426658, -0.541734, 0.724215, -2.08112, 3.30933, -2.51955 )
shadow_color = Color( 0.866667, 0.286275, 0.286275, 1 )
directional_shadow_mode = 0
directional_shadow_normal_bias = 0.0
directional_shadow_bias_split_scale = 0.0
directional_shadow_depth_range = 1

[node name="Platform" parent="." instance=ExtResource( 2 )]
transform = Transform( 4, 0, 0, 0, 0.2, 0, 0, 0, 4, -1, -0.2, -1 )

[node name="Deadzone" type="Area" parent="."]
transform = Transform( 30, 0, 0, 0, 1, 0, 0, 0, 30, 0, -2, 0 )
script = ExtResource( 3 )

[node name="CollisionShape" type="CollisionShape" parent="Deadzone"]
shape = SubResource( 3 )

[node name="Buildings" type="Spatial" parent="."]

[node name="Front" type="Spatial" parent="Buildings"]
transform = Transform( 1, 0, 0, 0, 1, 0, 0, 0, 1, 0.0701926, 0.106788, 0.201919 )

[node name="RandomBuilding15" parent="Buildings/Front" instance=ExtResource( 4 )]
transform = Transform( 1.06066, 0, 1.06066, 0, 1.5, 0, -1.06066, 0, 1.06066, -2.97115, 0.391936, -3.15369 )

[node name="RandomBuilding16" parent="Buildings/Front" instance=ExtResource( 4 )]
transform = Transform( 1.06066, 0, 1.06066, 0, 1.5, 0, -1.06066, 0, 1.06066, -2.97764, 0.319092, -2.14014 )

[node name="RandomBuilding17" parent="Buildings/Front" instance=ExtResource( 4 )]
transform = Transform( 1.06066, 0, 1.06066, 0, 1.5, 0, -1.06066, 0, 1.06066, -2.97764, 0.319092, -1.19643 )

[node name="RandomBuilding18" parent="Buildings/Front" instance=ExtResource( 4 )]
transform = Transform( 1.06066, 0, 1.06066, 0, 1.5, 0, -1.06066, 0, 1.06066, -2.97764, 0.319092, -0.343083 )

[node name="RandomBuilding19" parent="Buildings/Front" instance=ExtResource( 4 )]
transform = Transform( 1.06066, 0, 1.06066, 0, 1.5, 0, -1.06066, 0, 1.06066, -2.97764, 0.319092, 0.525015 )

[node name="RandomBuilding20" parent="Buildings/Front" instance=ExtResource( 4 )]
transform = Transform( 1.06066, 0, 1.06066, 0, 1.5, 0, -1.06066, 0, 1.06066, -2.97764, 0.319092, 1.37836 )

[node name="RandomBuilding21" parent="Buildings/Front" instance=ExtResource( 4 )]
transform = Transform( 1.06066, 0, 1.06066, 0, 1.5, 0, -1.06066, 0, 1.06066, -2.97764, 0.319092, 2.22004 )

[node name="RandomBuilding22" parent="Buildings/Front" instance=ExtResource( 4 )]
transform = Transform( 1.06066, 0, 1.06066, 0, 1.5, 0, -1.06066, 0, 1.06066, -1.92301, 0.319092, -2.99348 )

[node name="RandomBuilding23" parent="Buildings/Front" instance=ExtResource( 4 )]
transform = Transform( 1.06066, 0, 1.06066, 0, 1.5, 0, -1.06066, 0, 1.06066, -0.800222, 0.319092, -2.99348 )

[node name="RandomBuilding24" parent="Buildings/Front" instance=ExtResource( 4 )]
transform = Transform( 1.06066, 0, 1.06066, 0, 1.5, 0, -1.06066, 0, 1.06066, 0.25441, 0.319092, -2.99348 )

[node name="RandomBuilding25" parent="Buildings/Front" instance=ExtResource( 4 )]
transform = Transform( 1.06066, 0, 1.06066, 0, 1.5, 0, -1.06066, 0, 1.06066, 1.14339, 0.319092, -2.99348 )

[node name="RandomBuilding26" parent="Buildings/Front" instance=ExtResource( 4 )]
transform = Transform( 1.06066, 0, 1.06066, 0, 1.5, 0, -1.06066, 0, 1.06066, 2.19802, 0.319092, -2.99348 )

[node name="Back" type="Spatial" parent="Buildings"]
transform = Transform( 1, 0, 0, 0, 1.3022, 0, 0, 0, 1, 0, -0.0730445, 0 )

[node name="RandomBuilding" parent="Buildings/Back" instance=ExtResource( 4 )]
transform = Transform( 1.06066, 0, 1.06066, 0, 1.92453, 0, -1.06066, 0, 1.06066, -4.05731, 0.50266, -4.11885 )

[node name="RandomBuilding8" parent="Buildings/Back" instance=ExtResource( 4 )]
transform = Transform( 1.06066, 0, 1.06066, 0, 1.92453, 0, -1.06066, 0, 1.06066, -4.05731, 0.50266, -3.26551 )

[node name="RandomBuilding9" parent="Buildings/Back" instance=ExtResource( 4 )]
transform = Transform( 1.06066, 0, 1.06066, 0, 1.92453, 0, -1.06066, 0, 1.06066, -4.05731, 0.50266, -2.3218 )

[node name="RandomBuilding10" parent="Buildings/Back" instance=ExtResource( 4 )]
transform = Transform( 1.06066, 0, 1.06066, 0, 1.92453, 0, -1.06066, 0, 1.06066, -4.05731, 0.50266, -1.46846 )

[node name="RandomBuilding11" parent="Buildings/Back" instance=ExtResource( 4 )]
transform = Transform( 1.06066, 0, 1.06066, 0, 1.92453, 0, -1.06066, 0, 1.06066, -4.05731, 0.50266, -0.600359 )

[node name="RandomBuilding12" parent="Buildings/Back" instance=ExtResource( 4 )]
transform = Transform( 1.06066, 0, 1.06066, 0, 1.92453, 0, -1.06066, 0, 1.06066, -4.05731, 0.50266, 0.252984 )

[node name="RandomBuilding13" parent="Buildings/Back" instance=ExtResource( 4 )]
transform = Transform( 1.06066, 0, 1.06066, 0, 1.92453, 0, -1.06066, 0, 1.06066, -4.05731, 0.50266, 1.09467 )

[node name="RandomBuilding14" parent="Buildings/Back" instance=ExtResource( 4 )]
transform = Transform( 1.06066, 0, 1.06066, 0, 1.92453, 0, -1.06066, 0, 1.06066, -4.05731, 0.50266, 1.94801 )

[node name="RandomBuilding2" parent="Buildings/Back" instance=ExtResource( 4 )]
transform = Transform( 1.06066, 0, 1.06066, 0, 1.92453, 0, -1.06066, 0, 1.06066, -3.00268, 0.50266, -4.11885 )

[node name="RandomBuilding3" parent="Buildings/Back" instance=ExtResource( 4 )]
transform = Transform( 1.06066, 0, 1.06066, 0, 1.92453, 0, -1.06066, 0, 1.06066, -1.87989, 0.50266, -4.11885 )

[node name="RandomBuilding4" parent="Buildings/Back" instance=ExtResource( 4 )]
transform = Transform( 1.06066, 0, 1.06066, 0, 1.92453, 0, -1.06066, 0, 1.06066, -0.825258, 0.50266, -4.11885 )

[node name="RandomBuilding7" parent="Buildings/Back" instance=ExtResource( 4 )]
transform = Transform( 1.06066, 0, 1.06066, 0, 1.5, 0, -1.06066, 0, 1.06066, 2.11949, 0.421817, -4.11885 )

[node name="RandomBuilding5" parent="Buildings/Back" instance=ExtResource( 4 )]
transform = Transform( 1.06066, 0, 1.06066, 0, 1.92453, 0, -1.06066, 0, 1.06066, 0.0637178, 0.50266, -4.11885 )

[node name="RandomBuilding6" parent="Buildings/Back" instance=ExtResource( 4 )]
transform = Transform( 1.06066, 0, 1.06066, 0, 1.92453, 0, -1.06066, 0, 1.06066, 1.11835, 0.50266, -4.11885 )

[node name="Trees" type="Spatial" parent="."]
transform = Transform( 1, 0, 0, 0, 1, 0, 0, 0, 1, 0, 0.104714, 0 )

[node name="RandomTree" parent="Trees" instance=ExtResource( 5 )]
transform = Transform( 0.707107, 0, 0.707107, 0, 1, 0, -0.707107, 0, 0.707107, -1.39348, 0.137675, 0 )

[node name="RandomTree2" parent="Trees" instance=ExtResource( 5 )]
transform = Transform( 0.707107, 0, 0.707107, 0, 1, 0, -0.707107, 0, 0.707107, 1.27914, 0.137675, 0.571813 )

[node name="RandomTree4" parent="Trees" instance=ExtResource( 5 )]
transform = Transform( 0.707107, 0, 0.707107, 0, 1, 0, -0.707107, 0, 0.707107, -1.20685, 0.137675, 1.63667 )

[node name="RandomTree6" parent="Trees" instance=ExtResource( 5 )]
transform = Transform( 0.707107, 0, 0.707107, 0, 1, 0, -0.707107, 0, 0.707107, 0.92772, 0.137675, -1.58324 )

[node name="RandomTree7" parent="Trees" instance=ExtResource( 5 )]
transform = Transform( 0.707107, 0, 0.707107, 0, 1, 0, -0.707107, 0, 0.707107, -0.125187, 0.137675, -1.58324 )

[node name="RandomTree8" parent="Trees" instance=ExtResource( 5 )]
transform = Transform( 0.707107, 0, 0.707107, 0, 1, 0, -0.707107, 0, 0.707107, 2.67679, 0.137675, -1.58324 )

[node name="RandomTree9" parent="Trees" instance=ExtResource( 5 )]
transform = Transform( 0.707107, 0, 0.707107, 0, 1, 0, -0.707107, 0, 0.707107, 2.67679, 0.137675, 1.00042 )

[node name="RandomTree10" parent="Trees" instance=ExtResource( 5 )]
transform = Transform( 0.707107, 0, 0.707107, 0, 1, 0, -0.707107, 0, 0.707107, -2.22119, 0.137675, 1.00042 )

[node name="RandomTree11" parent="Trees" instance=ExtResource( 5 )]
transform = Transform( 0.707107, 0, 0.707107, 0, 1, 0, -0.707107, 0, 0.707107, -2.22119, 0.137675, -1.87239 )

[node name="RandomTree12" parent="Trees" instance=ExtResource( 5 )]
transform = Transform( 0.707107, 0, 0.707107, 0, 1, 0, -0.707107, 0, 0.707107, 0.157526, 0.137675, -0.976828 )

[node name="RandomTree13" parent="Trees" instance=ExtResource( 5 )]
transform = Transform( 0.707107, 0, 0.707107, 0, 1, 0, -0.707107, 0, 0.707107, 2.073, 0.137675, 2.66441 )

[node name="Large Trees" type="Spatial" parent="Trees"]
transform = Transform( 1, 0, 0, 0, 1.15881, 0, 0, 0, 1, 0, 0, 0 )

[node name="RandomTree14" parent="Trees/Large Trees" instance=ExtResource( 5 )]
transform = Transform( 1.06066, 0, 1.06066, 0, 1.5, 0, -1.06066, 0, 1.06066, 1.83283, 0.235929, -0.795504 )

[node name="RandomTree15" parent="Trees/Large Trees" instance=ExtResource( 5 )]
transform = Transform( 1.06066, 0, 1.06066, 0, 1.5, 0, -1.06066, 0, 1.06066, 0.425555, 0.235929, 1.93925 )

[node name="RandomTree16" parent="Trees/Large Trees" instance=ExtResource( 5 )]
transform = Transform( 1.06066, 0, 1.06066, 0, 1.5, 0, -1.06066, 0, 1.06066, -2.3926, 0.235929, 2.50303 )

[node name="RandomTree17" parent="Trees/Large Trees" instance=ExtResource( 5 )]
transform = Transform( 1.06066, 0, 1.06066, 0, 1.5, 0, -1.06066, 0, 1.06066, -1.58314, 0.235929, -1.15475 )

[connection signal="body_entered" from="Deadzone" to="Deadzone" method="_on_Deadzone_body_entered"]
